0.00000000000000000000	0.00000000000000000000	0.00000000000000000000	0.00000000000000000000	0.00000000000000000000	0.00000000000000000000	0.00000000000000000000	0.00000000000000000000	0.00000000000000000000	0.00000000000000000000	-0.00023829267122933267	0.00006874708005204298	0.00041342640013683534	0.00023808094658898029	-0.00155274786445314659	0.00380708600645838840	-0.00665330933167659986	-0.03198272334736559225	1.73517283563210034103	
0.00000000000000000000	0.00000000000000000000	0.00000000000000000000	0.00000000000000000000	0.00000000000000000000	0.00000000000000000000	0.00000000000000000000	-0.00117860209899798033	0.00113861860950210188	0.00338023082554045600	-0.00301343595232252083	-0.00367309751489694122	0.00284000788093541736	0.00183427981401397197	-0.00107557549562646874	-0.00052120400359845372	0.00028222929294877683	0.00092018358813185949	0.48800659185758721303	
0.00000000000000000000	0.00000000000000000000	0.00000000000000000000	0.00000000000000000000	0.00000000000000000000	0.00000000000000000000	0.00000000000000000000	0.00016144046611509688	-0.00046175300246677849	-0.00101590434640253663	0.00121617504530513519	0.00197780944169315695	-0.00109565329483173610	-0.00163375102352109275	0.00046489830036620862	0.00038748545502163649	0.00017330373187075785	0.00127002623522223909	0.38166058320667345383	
0.00000000000000000000	0.00000000000000000000	0.00000000000000000000	0.00000000000000000000	0.00000000000000000000	0.00000000000000000000	0.00000000000000000000	0.00000000000000000000	0.00074068792897215806	0.00008691164713595121	-0.00220893963795345052	-0.00041316338695717906	0.00240094919205975253	0.00056044413717517877	-0.00105813881071331064	-0.00044964740876309451	0.00046192441869469578	0.00140653830510013324	0.33941828337199342336	
0.00000000000000000000	0.00000000000000000000	0.00000000000000000000	0.00000000000000000000	0.00000000000000000000	0.00000000000000000000	0.00000000000000000000	-0.00180658115793557632	-0.00001122776619878771	0.00524071076407642625	0.00034487833576418795	-0.00561910617226266292	-0.00071015415648636852	0.00268582009478678238	0.00053839944151291884	-0.00071147858820279656	0.00010243709698624012	0.00125138098421564265	0.42186372358459189869	
0.00000000000000000000	0.00000000000000000000	0.00000000000000000000	0.00000000000000000000	0.00000000000000000000	0.00000000000000000000	0.00000000000000000000	0.00000000000000000000	0.00000000000000000000	-0.00054108023876295623	-0.00032381906723117607	0.00135517712573006237	0.00079112189644844856	-0.00118106214621763986	-0.00054679134143265638	0.00023442370646037188	0.00040028003334168286	0.00132002264512095092	0.35264565215058057968	
0.00000000000000000000	0.00000000000000000000	0.00000000000000000000	0.00000000000000000000	0.00000000000000000000	0.00000000000000000000	0.00000000000000000000	0.00000000000000000000	0.00000000000000000000	0.00000000000000000000	0.00000000000000000000	0.00000000000000000000	-0.00295028434070350801	0.00362675611909858827	-0.00436771646015592270	0.01350286739012450735	-0.00289614777176994652	-0.09470009862970833747	1.07107771541122320791	
0.00000000000000000000	0.00000000000000000000	0.00000000000000000000	0.00000000000000000000	0.00000000000000000000	0.00000000000000000000	0.00000000000000000000	-0.00077461700947995037	0.00075658556333927187	0.00237847057260560024	-0.00206157888167493889	-0.00296273664052291736	0.00197804971232159966	0.00186679890601584506	-0.00070733117936560219	-0.00075044235788470249	0.00036889908940902370	0.00143336805009134424	0.33544982384659927099	
0.00000000000000000000	0.00000000000000000000	0.00000000000000000000	0.00000000000000000000	0.00000000000000000000	0.00000000000000000000	0.00000000000000000000	0.00000000000000000000	0.00000000000000000000	0.00000000000000000000	-0.00027015400770870015	0.00000858572299040329	0.00056071190489602246	-0.00003217837853705539	-0.00035587514829418489	0.00007117064311490311	-0.00022241852883013148	-0.00069585509440616615	0.65280624481468085829	
0.00000000000000000000	0.00000000000000000000	0.00000000000000000000	0.00000000000000000000	0.00000000000000000000	0.00000000000000000000	0.00000000000000000000	0.00000000000000000000	0.00000000000000000000	0.00000000000000000000	0.00000000000000000000	0.00000000000000000000	0.00000000000000000000	0.00025111388965608515	-0.00067598990484087269	0.00190496210188808722	-0.00465561618778647952	-0.01896129195961479552	1.49453210283041171280	
0.00000000000000000000	0.00000000000000000000	0.00000000000000000000	0.00000000000000000000	0.00000000000000000000	0.00000000000000000000	0.00000000000000000000	0.00000000000000000000	0.00000000000000000000	0.00000000000000000000	0.00000000000000000000	0.00000000000000000000	0.00000000000000000000	0.00034466987510687447	-0.00134763880150529590	0.00377136858852751685	-0.00666595294279410683	-0.03202190979371283969	1.73132021872189922895	
0.00000000000000000000	0.00000000000000000000	0.00000000000000000000	0.00000000000000000000	0.00000000000000000000	0.00000000000000000000	0.00000000000000000000	0.00000000000000000000	0.00000000000000000000	0.00000000000000000000	0.00000000000000000000	0.00005390561598164898	-0.00007059882001692963	0.00027114366010364937	-0.00124961090931043116	0.00379595808067967506	-0.00672831132906391918	-0.03204564132403799753	1.73405685778209162073	
0.00000000000000000000	0.00000000000000000000	0.00000000000000000000	0.00000000000000000000	0.00000000000000000000	0.00000000000000000000	0.00000000000000000000	0.00000000000000000000	-0.00058204616019986760	-0.00042211919888647580	0.00156998554747327904	0.00110418217741554839	-0.00149705432065110359	-0.00099851991534650087	0.00066551689342236322	0.00019429866636299278	0.00005437196558138361	0.00101191434343372529	0.46261613535866336067	
0.00000000000000000000	0.00000000000000000000	0.00000000000000000000	0.00000000000000000000	0.00000000000000000000	0.00000000000000000000	0.00000000000000000000	0.00000000000000000000	-0.00045837409786043173	-0.00034449893777666090	0.00121514365733106969	0.00088339089051171858	-0.00113572711270145646	-0.00077779615155461324	0.00049097001570633616	0.00017200416655825199	-0.00007393064120578010	0.00042959936854900492	0.54825080175244034209	
0.00000000000000000000	0.00000000000000000000	0.00000000000000000000	0.00000000000000000000	0.00000000000000000000	0.00000000000000000000	0.00000000000000000000	0.00000000000000000000	0.00000000000000000000	0.00000000000000000000	0.00000000000000000000	0.00000000000000000000	-0.00123571443177167371	0.00168439698984529786	-0.00247386221810211391	0.00662300199606642021	-0.00059369192926167047	-0.04468691163532980543	0.36794118178837870170	
0.00000000000000000000	0.00000000000000000000	0.00000000000000000000	0.00000000000000000000	0.00000000000000000000	0.00000000000000000000	0.00000000000000000000	0.00000000000000000000	-0.00047735732215769714	-0.00027405390617381878	0.00143140461558020210	0.00087250087582536873	-0.00153778654757687010	-0.00099521316067117862	0.00076888738799834005	0.00026781021120937307	0.00012484647669154490	0.00132177767896604799	0.33735683502331326178	
0.00000000000000000000	0.00000000000000000000	0.00000000000000000000	0.00000000000000000000	0.00000000000000000000	0.00000000000000000000	0.00000000000000000000	0.00000000000000000000	0.00000000000000000000	0.00000000000000000000	0.00000000000000000000	0.00000000000000000000	-0.00102895205410072289	0.00146210696853020755	-0.00199640588321085052	0.00633042208316918122	-0.00556154725482353816	-0.05010604603807078394	1.60201790376776065372	
0.00000000000000000000	0.00000000000000000000	0.00000000000000000000	0.00000000000000000000	0.00000000000000000000	0.00000000000000000000	0.00000000000000000000	0.00000000000000000000	0.00000000000000000000	0.00000000000000000000	-0.00018910830103483538	0.00007127771270563476	0.00037185657489030073	-0.00007922452044604160	-0.00038310379103728817	0.00059845833372128255	-0.00142827012436607444	-0.00546674387838582722	0.93133951125573344321	
0.00000000000000000000	0.00000000000000000000	0.00000000000000000000	0.00000000000000000000	0.00000000000000000000	0.00000000000000000000	0.00000000000000000000	0.00000000000000000000	-0.00007960658971860718	0.00014398520683820735	0.00019736800026229757	-0.00030597501537822321	-0.00017081532297662190	0.00023417365412757408	-0.00002279201061743205	0.00023007362799001133	-0.00087809928698764483	-0.00305095775518734623	0.80434540931331210967	
