0.00000000000000000000	-0.13831420555418355578	-0.14547366956598717369	0.11843065042059700009	0.71079420006270155330	0.29176726239849148925	0.54222139984405826052	-0.00164208073737079178	0.74113365453655544179	0.10622680139147286371	0.02222525357648745536	0.18728927659291230712	0.06981223931906763158	0.27064730039897733072	-0.04207938547441643362	0.19841932664869602054	-0.12127408185307245181	-0.01701437245560284695	0.05563912639429766799	
0.00000000000000000000	0.00000000000000000000	0.13533412956576132413	0.75014859085432838981	-0.26310724647470112858	-0.62890373810714061964	-0.05695135715033599472	0.60606413479234721997	-0.14615567918312233342	-0.16297577520899286796	-0.11510830295448662430	-0.10655262088002255549	-0.71783806316799403380	-0.01040059644322538154	0.51529772913654858790	-0.20440828672703792446	0.20114981948871779593	-0.61045098071936165773	0.00020869234674236037	
0.00000000000000000000	0.00000000000000000000	0.00000000000000000000	0.20598679002076350497	-0.52333807912057761502	0.60728228803020811721	-0.07298605681398069589	0.12597595397324429234	-0.22973807994121861475	-0.68711934170197341842	-0.63730806483423185771	0.66820385083012534544	0.22870854291524903013	-0.00709344698836012182	0.09350959204224811028	-0.71582757013663034229	0.02046409211550921647	0.12073252340167954511	0.00196964582962935644	
0.00000000000000000000	0.00000000000000000000	0.00000000000000000000	0.00000000000000000000	0.10684083000482000325	0.19553231790039768412	-0.06558717342751460566	-0.10369725796967194098	-0.02516232517695176502	0.21598518905563748871	0.19937821292444030119	-0.03275400355611402664	0.26900883467334246735	-0.04848530991773742499	-0.10979790751476149746	0.22377853209126391532	-0.05916566443354898119	0.22902213830565668062	-0.01189834438108700043	
0.00000000000000000000	0.00000000000000000000	0.00000000000000000000	0.00000000000000000000	0.00000000000000000000	0.01935541422596011307	-0.09880040903631188975	-0.01186623579911308748	-0.08894607036291669877	0.11077376142779551960	0.10618569216821399648	-0.05476876620630276998	0.05242052208425718174	-0.06122457379690986884	-0.01394151623695327573	0.10955538298765291061	-0.00921738815095493949	0.04488807591452933371	-0.01407465349501761318	
0.00000000000000000000	0.00000000000000000000	0.00000000000000000000	0.00000000000000000000	0.00000000000000000000	0.00000000000000000000	0.00884834211395598390	-0.00668978396010345804	0.00518134499977535978	0.00737299609770463750	0.00831820458537544695	-0.01526807169495904976	0.01493108044510020084	0.00706246589601465264	-0.00741926322523785067	0.00600264612350945477	-0.00424013964093590372	0.01447697905017615756	0.00185036248937805233	
0.00000000000000000000	0.00000000000000000000	0.00000000000000000000	0.00000000000000000000	0.00000000000000000000	0.00000000000000000000	0.00000000000000000000	-0.00011523570972550748	0.00083266697121599058	-0.00201264928401658936	-0.00187605351256825014	-0.00023816940227140986	0.00114121058102870055	-0.00069685427562209514	-0.00025812266253230539	-0.00204337991452993540	-0.00026339309627358373	0.00115555449830255898	-0.00030940412660057512	
0.00000000000000000000	0.00000000000000000000	0.00000000000000000000	0.00000000000000000000	0.00000000000000000000	0.00000000000000000000	0.00000000000000000000	0.00000000000000000000	0.00003728416099080997	-0.00022353108995432362	-0.00023510098556054211	-0.00008757505781596393	0.00037528916600237743	0.00001156007892405834	-0.00006373225875675974	-0.00022638245460295485	-0.00009654990904428264	0.00038784911561049384	0.00001007557833783583	
0.00000000000000000000	0.00000000000000000000	0.00000000000000000000	0.00000000000000000000	0.00000000000000000000	0.00000000000000000000	0.00000000000000000000	0.00000000000000000000	0.00000000000000000000	0.00007725958870288939	-0.00003154961489753884	-0.00001876477209118699	0.00000373268875414562	-0.00012475631214455511	-0.00009043058135430855	-0.00003916003051032572	0.00001916295893102868	-0.00001230806720536788	-0.00010802575817995856	
0.00000000000000000000	0.00000000000000000000	0.00000000000000000000	0.00000000000000000000	0.00000000000000000000	0.00000000000000000000	0.00000000000000000000	0.00000000000000000000	0.00000000000000000000	0.00000000000000000000	-0.00002157657198033088	-0.00002634325225708905	-0.00000116728921433137	0.00000941327004399673	0.00002989739958684593	-0.00002389332081001958	-0.00000184258685414664	-0.00000149257762602588	0.00003189371501416814	
0.00000000000000000000	0.00000000000000000000	0.00000000000000000000	0.00000000000000000000	0.00000000000000000000	0.00000000000000000000	0.00000000000000000000	0.00000000000000000000	0.00000000000000000000	0.00000000000000000000	0.00000000000000000000	-0.00002082644960208186	0.00000231237422715742	-0.00002739621900815817	-0.00002041503223671766	0.00000280921160743421	0.00001302708060710308	0.00001261969551255942	-0.00003412235594217888	
0.00000000000000000000	0.00000000000000000000	0.00000000000000000000	0.00000000000000000000	0.00000000000000000000	0.00000000000000000000	0.00000000000000000000	0.00000000000000000000	0.00000000000000000000	0.00000000000000000000	0.00000000000000000000	0.00000000000000000000	-0.00002364599342919689	-0.00000236288790726928	-0.00000284538118799603	0.00000378095034040394	-0.00001712437821063651	-0.00001905219795030481	0.00000052843395794411	
0.00000000000000000000	0.00000000000000000000	0.00000000000000000000	0.00000000000000000000	0.00000000000000000000	0.00000000000000000000	0.00000000000000000000	0.00000000000000000000	0.00000000000000000000	0.00000000000000000000	0.00000000000000000000	0.00000000000000000000	0.00000000000000000000	0.00000477346273411362	-0.00000180268471974114	-0.00001429129929408480	0.00000240369156494542	-0.00000283457372123624	0.00000256332000458877	
0.00000000000000000000	0.00000000000000000000	0.00000000000000000000	0.00000000000000000000	0.00000000000000000000	0.00000000000000000000	0.00000000000000000000	0.00000000000000000000	0.00000000000000000000	0.00000000000000000000	0.00000000000000000000	0.00000000000000000000	0.00000000000000000000	0.00000000000000000000	-0.00000238987365292593	0.00000852240989007169	-0.00000378280932405752	0.00000408272616025607	-0.00000149108897171696	
0.00000000000000000000	0.00000000000000000000	0.00000000000000000000	0.00000000000000000000	0.00000000000000000000	0.00000000000000000000	0.00000000000000000000	0.00000000000000000000	0.00000000000000000000	0.00000000000000000000	0.00000000000000000000	0.00000000000000000000	0.00000000000000000000	0.00000000000000000000	0.00000000000000000000	0.00000098596305190840	-0.00000218219023646433	0.00000263734187053223	0.00000156324405922861	
0.00000000000000000000	0.00000000000000000000	0.00000000000000000000	0.00000000000000000000	0.00000000000000000000	0.00000000000000000000	0.00000000000000000000	0.00000000000000000000	0.00000000000000000000	0.00000000000000000000	0.00000000000000000000	0.00000000000000000000	0.00000000000000000000	0.00000000000000000000	0.00000000000000000000	0.00000000000000000000	-0.00000305825018407442	-0.00000163067476826780	-0.00000175766074575862	
0.00000000000000000000	0.00000000000000000000	0.00000000000000000000	0.00000000000000000000	0.00000000000000000000	0.00000000000000000000	0.00000000000000000000	0.00000000000000000000	0.00000000000000000000	0.00000000000000000000	0.00000000000000000000	0.00000000000000000000	0.00000000000000000000	0.00000000000000000000	0.00000000000000000000	0.00000000000000000000	0.00000000000000000000	-0.00000048403114491985	-0.00000125772894395614	
0.00000000000000000000	0.00000000000000000000	0.00000000000000000000	0.00000000000000000000	0.00000000000000000000	0.00000000000000000000	0.00000000000000000000	0.00000000000000000000	0.00000000000000000000	0.00000000000000000000	0.00000000000000000000	0.00000000000000000000	0.00000000000000000000	0.00000000000000000000	0.00000000000000000000	0.00000000000000000000	0.00000000000000000000	0.00000000000000000000	-0.00000019201909942220	
0.00000000000000000000	0.00000000000000000000	0.00000000000000000000	0.00000000000000000000	0.00000000000000000000	0.00000000000000000000	0.00000000000000000000	0.00000000000000000000	0.00000000000000000000	0.00000000000000000000	0.00000000000000000000	0.00000000000000000000	0.00000000000000000000	0.00000000000000000000	0.00000000000000000000	0.00000000000000000000	0.00000000000000000000	0.00000000000000000000	0.00000000000000000000	
