1.73445160271278542297	1.23173160067442832855	1.29578631218598006036	-1.73218817947607472973	-0.54219761302265179204	-1.20865332069173780916	-0.61351939517690856629	1.12208569285739256927	-6.72847606407625864477	14.88682495397692662209	-15.06981831710021957349	-0.22903089847990995565	4.29537261575818973824	-5.26946909289977316604	2.65077896697292292316	19.91083604126102812870	3.64969999900630037715	0.71039522217198070031	3.78338739951604852152	
0.03087613953499860481	-0.35377964320023491673	0.36450377645766773860	0.37196073826869063828	-0.07080699694713656067	-0.21896116996341088989	-0.51866127030089137495	0.05762448854363697026	-0.07713530361292068871	0.01965174027044440733	0.04760729780709727077	-0.18895067386145944499	-0.12202319320696970728	-0.26525791779284996208	0.03571367243583835338	0.10323824896295548392	0.01667447878564399730	-0.40119003176811285361	0.13947692154254814900	
0.27755405202469013437	-0.32870079143104502517	0.10088611750441313364	-0.27658430885244833508	0.08668522014619846339	0.15387913357925125934	0.01285483978654868194	0.28031985772155854075	-0.03963936828892981185	0.15240141565469272900	0.15096577579479644737	0.15529016080850022163	-0.11653146358459742782	-0.37451458278205951302	-0.06538661889229364921	-0.00611544402487219398	-0.05288395977559240402	-0.06098184994387217950	-0.10849845620123056700	
0.25765959554441220103	0.36109812046687639331	0.28804024067505185069	0.11315536614248751512	0.74602536622708248704	0.26362879222408075464	-0.04228731677460369209	-0.14817176044859889372	0.06344998222956393930	0.04709961202547119363	0.20504720634353332254	-0.24756895568359091331	0.41193186052820929266	0.16054653158038700855	0.01300187618304203541	0.22702259674106656240	-0.14575106821981292926	0.06995568564266216316	0.00433899295051063793	
-0.18792602580224682107	-0.34461329894754050285	0.27066580090711478412	-0.21200457630723876234	0.35767938053054465497	-0.07052446160962370925	0.39969891054095274541	0.21054946369422683494	-0.02792405099823185022	-0.15525707094556517873	-0.27310244275846207174	-0.11381934652059097490	-0.08520600172518529025	0.08442170193182690907	0.07101827045142093675	-0.24291212669581949135	0.19369630014676128549	-0.08362726827224345461	-0.10652743402581553445	
-0.26181791819651523134	-0.18720427896722324768	-0.40417086912512245611	-0.38377899800959069943	-0.02121682982432868819	0.52608920608230480553	-0.31395149459692917038	-0.04386306889587288788	0.03904541984210873479	0.09502452463282284878	0.23389294274654237604	-0.05945180346189109233	0.09926230730341227548	-0.35463576609965352660	-0.04978090160163516770	-0.21615013200286292694	0.17789761562674991091	0.02129505659254191802	-0.03257014741941942348	
1.03602122602467217050	0.70961489989422432689	0.79370977327553549063	-0.86946752077904598810	-0.55147922203425792098	0.24040648745893580807	0.77227059932365949013	-1.35407077429080802133	-6.12102671426787381392	-2.43959309874817487085	3.00404501721190708707	2.45126546956504931529	-2.02726893377266526031	0.27858864202554561862	-3.67120676431841985732	2.13271285125756149270	2.46710816064392313152	-0.42936815816250378797	3.83943249340033432304	
0.00000000000000002776	0.04673164772395461963	0.00009527153835942027	-0.79362178488667545206	0.80340718723281667746	-0.73538735889501549714	-0.30542747747588100404	1.50030631566779670827	-0.15686474320517404535	0.69249903771628007476	0.81844220418975943687	0.19835421262934077591	-0.64777770003237522545	-0.15545905802979292920	-0.06068382906377417507	-1.02795815311729943353	0.60284811724458875482	-0.17448891304580491091	0.72297229165432952414	
-0.31948025631516335787	0.47785845386221248443	0.11710358692499714395	-0.38172946020711923110	0.16277866189738146585	-0.18689874609722217924	-0.56859822701700357683	-0.68551964035575041478	-0.30157178253497179954	0.13998757679119896991	-0.22966321380907855909	-0.10831455899736486259	-0.88793202980661511958	-0.23578638397573792318	-0.12181743395061364610	0.48512950937581666988	-0.62508968520077323738	-0.02871701786562648462	-0.24028229414116200613	
0.85575766212862369731	1.28170996433097061917	0.98420535022912170042	-1.67476895073257092683	-1.73188336892131489186	-0.71070737722059873498	0.19031918611060491542	1.63026634415705795611	0.24818977804035100010	0.40425019263745748388	-1.67344767667512495102	2.20227464670150219206	-0.76251831329256503089	1.31014412788613543448	-0.54490040543624862490	0.31304158577029916888	1.96031094800976446457	-0.00828227592914964825	-1.24252677470429850892	
1.43857531645158021050	1.49305223497857419979	1.32565587986918531627	-1.94297850721561427001	-1.21310371154982599151	-0.88043645085493749125	-0.12054265739555158898	0.11109566875156831611	-2.92500147930198917123	12.68980690999360483318	-3.96331478774694145883	-13.21536150776161022691	4.73539551014857806877	-4.13322268455161001555	9.02425742080825621372	-6.18610660635059250723	-0.25688030210843404433	-1.43422916523604304651	14.02823955495509977709	
1.68433407642710686325	0.75470271399138644242	1.02312833382991552611	-1.20573003078297036339	0.25252329162527964446	-1.34065251754482828161	-0.92619036347626826355	0.73231619371914757899	0.75654160754736832217	1.98558393451034631561	-5.88262923750162602943	4.46976574282261740478	1.01296339385827427471	1.01557956557791095875	-0.31001255483539613689	-4.71346518189242402741	-8.06994832326957123314	-14.48413543311402129632	-4.98718996573459349975	
-0.39853742481831666566	-0.13360743953477957624	0.37671584253192152980	0.37006686267205834984	0.05046773115774918356	-0.39063478896766573589	-0.07175032965757524583	-0.27460870939932752188	0.02817687359509008990	0.41232633346315084033	0.54673938492394202893	0.38808647069264218255	0.08772137700556295603	-0.30367664259300158891	-0.11632584444028386261	0.23678997509989735404	-0.24862487696779198010	0.19776041505127711639	-0.04729838978308913144	
0.22240545593932212198	-0.40758210642529113521	-0.29609550424665243007	-0.03722261070965096619	-0.45426657396916736431	-0.27195348616114239926	0.10497361423421236459	-0.44744432798840377830	-0.00559365211603759290	0.19237768487189341182	0.09600780239787762294	-0.33187111272110575433	-0.92376039998500536488	-0.27453387037809018345	-0.00392197681048659080	0.19030653852462806053	-0.29706255453637681052	-0.03049067870789091278	-0.27201913027130175671	
0.02797609676135486001	0.28097606721189777312	0.19155189632451499748	-0.21790849440511250723	0.00218771902754928173	0.08653610008672382725	-0.29388747453967661860	-0.32073590392874190558	2.19990435911804915747	0.22591701619507953414	0.45009354748905094912	0.57912439727609210660	-1.01709911686769793882	0.44167738426544311814	2.29683681940223571871	-0.30047258498360746026	-1.19136165853209519128	-0.79757333066633495644	-0.93653300366955694045	
0.06912965684795566168	0.18738390203732399608	0.09702912050101443475	-0.55055048192344901992	0.83952957739180522623	-0.16969375337273742699	-0.29569119037608243561	0.37809698858616280770	-0.05210739262535953042	0.15453050734521517340	0.17029829680921787505	-0.07856829060446801627	-0.07734403233460400429	0.45242215858657192085	0.08677635618103740622	0.38442611162699513727	-0.10709324351573633327	0.06639669470497693016	-0.20996188630205833703	
-1.37069257980801340047	-0.19133604296523584742	-0.62061807506565458414	0.47760593786950583661	-0.54197351944263882917	0.67595665249299974331	-0.06879089693849937959	0.15501882968297142629	8.36436890812332123346	-4.28669149304153762614	1.14258267924112821845	2.95400462326448742800	0.26405275480395012933	-1.41596776176681982129	1.54012565788168420688	2.99444662976329167847	0.33301084875512543260	-1.23915337435232464358	7.05220177857395658094	
-0.92981824301527415955	-0.67557415889021632527	-0.69546977512170549129	0.97511812492747673708	0.22783961128192353751	0.88244665990409720813	0.49339067062437119704	-0.18775812991824952780	-0.38507570001568125484	0.81300521068508901923	-0.83024397742903588426	0.06468363894380546597	-0.71331131875464059977	-0.41153796915153334490	-0.34178823917413708733	0.47048804671370764163	-0.22867785342531152248	0.82321481675906171827	0.21436687302191856364	
-0.06168899575144767833	-0.58835122343572376913	-0.33073171227724318388	0.65140252546485788443	0.66933279682298651991	0.07151281158382417902	-0.01180409757460214489	0.29980240750019349072	0.24226034277958966023	0.37548765357302094081	-0.32788171030261320515	0.15093326875117604735	-0.41913628210750247804	0.08984863874470931655	-0.24578107291679421320	0.10768114405109081855	-0.11110607711694506228	-0.02348522428195623166	-0.25401085187974198343	
