0.00000000000000000000	0.00000000000000000000	0.00000000000000000000	0.00000000000000000000	0.00000000000000000000	0.00000000000000000000	0.00000000000000000000	0.00000000000000000000	0.00000000000000000000	0.00000000000000000000	-0.00023829267118497368	0.00006874708006059952	0.00041342640004836834	0.00023808094657435272	-0.00155274786439770092	0.00380708600646626708	-0.00665330933168759280	-0.03198272334736696615	1.73517283563210034103	
0.00000000000000000000	0.00000000000000000000	0.00000000000000000000	0.00000000000000000000	0.00000000000000000000	0.00000000000000000000	0.00000000000000000000	-0.00117860209900166337	0.00113861860947123074	0.00338023082556242974	-0.00301343595223625303	-0.00367309751493442686	0.00284000788084690786	0.00183427981404040677	-0.00107557549558706797	-0.00052120400360662210	0.00028222929294224012	0.00092018358813280481	0.48800659185758726855	
0.00000000000000000000	0.00000000000000000000	0.00000000000000000000	0.00000000000000000000	0.00000000000000000000	0.00000000000000000000	0.00000000000000000000	0.00016144046606936295	-0.00046175300244271999	-0.00101590434627645346	0.00121617504524993954	0.00197780944156890391	-0.00109565329479087621	-0.00163375102346961765	0.00046489830035644164	0.00038748545501386667	0.00017330373187081726	0.00127002623522239652	0.38166058320667350934	
0.00000000000000000000	0.00000000000000000000	0.00000000000000000000	0.00000000000000000000	0.00000000000000000000	0.00000000000000000000	0.00000000000000000000	0.00000000000000000000	0.00074068792899349711	0.00008691164713908002	-0.00220893963799330536	-0.00041316338696554633	0.00240094919207891819	0.00056044413718287541	-0.00105813881071296890	-0.00044964740876577206	0.00046192441869379112	0.00140653830510037848	0.33941828337199336785	
0.00000000000000000000	0.00000000000000000000	0.00000000000000000000	0.00000000000000000000	0.00000000000000000000	0.00000000000000000000	0.00000000000000000000	-0.00180658115798763385	-0.00001122776620994834	0.00524071076422637575	0.00034487833580188073	-0.00561910617242354204	-0.00071015415653008875	0.00268582009486489004	0.00053839944153316187	-0.00071147858821893827	0.00010243709698314993	0.00125138098421658786	0.42186372358459189869	
0.00000000000000000000	0.00000000000000000000	0.00000000000000000000	0.00000000000000000000	0.00000000000000000000	0.00000000000000000000	0.00000000000000000000	0.00000000000000000000	0.00000000000000000000	-0.00054108023876173054	-0.00032381906722683031	0.00135517712572654674	0.00079112189643887635	-0.00118106214621421747	-0.00054679134142557534	0.00023442370645915424	0.00040028003333980995	0.00132002264512107149	0.35264565215058057968	
0.00000000000000000000	0.00000000000000000000	0.00000000000000000000	0.00000000000000000000	0.00000000000000000000	0.00000000000000000000	0.00000000000000000000	0.00000000000000000000	0.00000000000000000000	0.00000000000000000000	0.00000000000000000000	0.00000000000000000000	-0.00295028434070689332	0.00362675611909817064	-0.00436771646015078098	0.01350286739012494797	-0.00289614777177176451	-0.09470009862970844849	1.07107771541122298586	
0.00000000000000000000	0.00000000000000000000	0.00000000000000000000	0.00000000000000000000	0.00000000000000000000	0.00000000000000000000	0.00000000000000000000	-0.00077461700947488075	0.00075658556333390290	0.00237847057260256144	-0.00206157888165810557	-0.00296273664053351739	0.00197804971230253852	0.00186679890602826351	-0.00070733117935644491	-0.00075044235788902076	0.00036889908940747861	0.00143336805009181673	0.33544982384659927099	
0.00000000000000000000	0.00000000000000000000	0.00000000000000000000	0.00000000000000000000	0.00000000000000000000	0.00000000000000000000	0.00000000000000000000	0.00000000000000000000	0.00000000000000000000	0.00000000000000000000	-0.00027015400768408339	0.00000858572299145501	0.00056071190484629542	-0.00003217837853937978	-0.00035587514826343714	0.00007117064311660910	-0.00022241852883565547	-0.00069585509440667887	0.65280624481468085829	
0.00000000000000000000	0.00000000000000000000	0.00000000000000000000	0.00000000000000000000	0.00000000000000000000	0.00000000000000000000	0.00000000000000000000	0.00000000000000000000	0.00000000000000000000	0.00000000000000000000	0.00000000000000000000	0.00000000000000000000	0.00000000000000000000	0.00025111388965679107	-0.00067598990484264005	0.00190496210188766438	-0.00465561618778495209	-0.01896129195961490654	1.49453210283041149076	
0.00000000000000000000	0.00000000000000000000	0.00000000000000000000	0.00000000000000000000	0.00000000000000000000	0.00000000000000000000	0.00000000000000000000	0.00000000000000000000	0.00000000000000000000	0.00000000000000000000	0.00000000000000000000	0.00000000000000000000	0.00000000000000000000	0.00034466987510623328	-0.00134763880150351066	0.00377136858852824544	-0.00666595294279564380	-0.03202190979371295071	1.73132021872189922895	
0.00000000000000000000	0.00000000000000000000	0.00000000000000000000	0.00000000000000000000	0.00000000000000000000	0.00000000000000000000	0.00000000000000000000	0.00000000000000000000	0.00000000000000000000	0.00000000000000000000	0.00000000000000000000	0.00005390561599012478	-0.00007059882002257635	0.00027114366008862498	-0.00124961090930096911	0.00379595808068702856	-0.00672831132906771476	-0.03204564132403885102	1.73405685778209184278	
0.00000000000000000000	0.00000000000000000000	0.00000000000000000000	0.00000000000000000000	0.00000000000000000000	0.00000000000000000000	0.00000000000000000000	0.00000000000000000000	-0.00058204616020534792	-0.00042211919888222746	0.00156998554749909042	0.00110418217740513203	-0.00149705432068793394	-0.00099851991533769844	0.00066551689344232653	0.00019429866636013301	0.00005437196557805878	0.00101191434343397054	0.46261613535866330515	
0.00000000000000000000	0.00000000000000000000	0.00000000000000000000	0.00000000000000000000	0.00000000000000000000	0.00000000000000000000	0.00000000000000000000	0.00000000000000000000	-0.00045837409781522440	-0.00034449893778100795	0.00121514365723537172	0.00088339089051950965	-0.00113572711264057200	-0.00077779615155861243	0.00049097001569737685	0.00017200416655872240	-0.00007393064120739360	0.00042959936854900492	0.54825080175244045311	
0.00000000000000000000	0.00000000000000000000	0.00000000000000000000	0.00000000000000000000	0.00000000000000000000	0.00000000000000000000	0.00000000000000000000	0.00000000000000000000	0.00000000000000000000	0.00000000000000000000	0.00000000000000000000	0.00000000000000000000	-0.00123571443177346741	0.00168439698984521611	-0.00247386221809950142	0.00662300199606648612	-0.00059369192926258391	-0.04468691163532983318	0.36794118178837870170	
0.00000000000000000000	0.00000000000000000000	0.00000000000000000000	0.00000000000000000000	0.00000000000000000000	0.00000000000000000000	0.00000000000000000000	0.00000000000000000000	-0.00047735732215097959	-0.00027405390616900844	0.00143140461556427756	0.00087250087581556049	-0.00153778654756407066	-0.00099521316066465584	0.00076888738799404640	0.00026781021120787221	0.00012484647669235162	0.00132177767896604799	0.33735683502331315076	
0.00000000000000000000	0.00000000000000000000	0.00000000000000000000	0.00000000000000000000	0.00000000000000000000	0.00000000000000000000	0.00000000000000000000	0.00000000000000000000	0.00000000000000000000	0.00000000000000000000	0.00000000000000000000	0.00000000000000000000	-0.00102895205409989088	0.00146210696852784030	-0.00199640588321243736	0.00633042208317180499	-0.00556154725482164644	-0.05010604603807122109	1.60201790376776020963	
0.00000000000000000000	0.00000000000000000000	0.00000000000000000000	0.00000000000000000000	0.00000000000000000000	0.00000000000000000000	0.00000000000000000000	0.00000000000000000000	0.00000000000000000000	0.00000000000000000000	-0.00018910830101875344	0.00007127771270021650	0.00037185657485523091	-0.00007922452043624450	-0.00038310379101250103	0.00059845833371594936	-0.00142827012437181421	-0.00546674387838497287	0.93133951125573344321	
0.00000000000000000000	0.00000000000000000000	0.00000000000000000000	0.00000000000000000000	0.00000000000000000000	0.00000000000000000000	0.00000000000000000000	0.00000000000000000000	-0.00007960658967642016	0.00014398520682161231	0.00019736800017557276	-0.00030597501533988913	-0.00017081532292143303	0.00023417365409813767	-0.00002279201062817721	0.00023007362799849226	-0.00087809928698735155	-0.00305095775518808131	0.80434540931331188762	
