0.00000000000000000000	0.00000000000000000000	0.00000000000000000000	0.00000000000000000000	0.00000000000000000000	0.00000000000000000000	0.00000000000000000000	0.00000000000000000000	0.00000000000000000000	0.00000000000000000000	-0.00023829267118703892	0.00006874708006328982	0.00041342640006271179	0.00023808094657076735	-0.00155274786441641339	0.00380708600646691370	-0.00665330933168017426	-0.03198272334736661920	1.73517283563209989694	
0.00000000000000000000	0.00000000000000000000	0.00000000000000000000	0.00000000000000000000	0.00000000000000000000	0.00000000000000000000	0.00000000000000000000	-0.00117860209894830523	0.00113861860946028464	0.00338023082542619063	-0.00301343595222187087	-0.00367309751481067169	0.00284000788085135786	0.00183427981399209884	-0.00107557549559810471	-0.00052120400359878527	0.00028222929294550845	0.00092018358813233210	0.48800659185758721303	
0.00000000000000000000	0.00000000000000000000	0.00000000000000000000	0.00000000000000000000	0.00000000000000000000	0.00000000000000000000	0.00000000000000000000	0.00016144046613809487	-0.00046175300249149081	-0.00101590434645209247	0.00121617504535804512	0.00197780944172924094	-0.00109565329486823056	-0.00163375102353228432	0.00046489830037457888	0.00038748545502367458	0.00017330373187063910	0.00127002623522192402	0.38166058320667339832	
0.00000000000000000000	0.00000000000000000000	0.00000000000000000000	0.00000000000000000000	0.00000000000000000000	0.00000000000000000000	0.00000000000000000000	0.00000000000000000000	0.00074068792895958001	0.00008691164714785198	-0.00220893963791823304	-0.00041316338698380836	0.00240094919202585690	0.00056044413719524074	-0.00105813881070102988	-0.00044964740876874711	0.00046192441869374228	0.00140653830510050100	0.33941828337199336785	
0.00000000000000000000	0.00000000000000000000	0.00000000000000000000	0.00000000000000000000	0.00000000000000000000	0.00000000000000000000	0.00000000000000000000	-0.00180658115793346495	-0.00001122776619241461	0.00524071076408232171	0.00034487833575213395	-0.00561910617228336684	-0.00071015415647929442	0.00268582009480428097	0.00053839944151134057	-0.00071147858820810146	0.00010243709698641835	0.00125138098421611536	0.42186372358459189869	
0.00000000000000000000	0.00000000000000000000	0.00000000000000000000	0.00000000000000000000	0.00000000000000000000	0.00000000000000000000	0.00000000000000000000	0.00000000000000000000	0.00000000000000000000	-0.00054108023875929206	-0.00032381906722922239	0.00135517712572232767	0.00079112189644376372	-0.00118106214621226330	-0.00054679134142916546	0.00023442370645899649	0.00040028003334075245	0.00132002264512107149	0.35264565215058057968	
0.00000000000000000000	0.00000000000000000000	0.00000000000000000000	0.00000000000000000000	0.00000000000000000000	0.00000000000000000000	0.00000000000000000000	0.00000000000000000000	0.00000000000000000000	0.00000000000000000000	0.00000000000000000000	0.00000000000000000000	-0.00295028434070212934	0.00362675611910007059	-0.00436771646015814141	0.01350286739012297905	-0.00289614777176904360	-0.09470009862970822645	1.07107771541122298586	
0.00000000000000000000	0.00000000000000000000	0.00000000000000000000	0.00000000000000000000	0.00000000000000000000	0.00000000000000000000	0.00000000000000000000	-0.00077461700945365792	0.00075658556332871890	0.00237847057254439963	-0.00206157888164947012	-0.00296273664047526190	0.00197804971230007391	0.00186679890600220796	-0.00070733117935832144	-0.00075044235788397347	0.00036889908940822139	0.00143336805009150166	0.33544982384659927099	
0.00000000000000000000	0.00000000000000000000	0.00000000000000000000	0.00000000000000000000	0.00000000000000000000	0.00000000000000000000	0.00000000000000000000	0.00000000000000000000	0.00000000000000000000	0.00000000000000000000	-0.00027015400769885630	0.00000858572299221090	0.00056071190487917005	-0.00003217837853980131	-0.00035587514828703620	0.00007117064311611024	-0.00022241852883009099	-0.00069585509440642246	0.65280624481468074727	
0.00000000000000000000	0.00000000000000000000	0.00000000000000000000	0.00000000000000000000	0.00000000000000000000	0.00000000000000000000	0.00000000000000000000	0.00000000000000000000	0.00000000000000000000	0.00000000000000000000	0.00000000000000000000	0.00000000000000000000	0.00000000000000000000	0.00025111388965833200	-0.00067598990484130474	0.00190496210188548080	-0.00465561618778646130	-0.01896129195961436184	1.49453210283041193485	
0.00000000000000000000	0.00000000000000000000	0.00000000000000000000	0.00000000000000000000	0.00000000000000000000	0.00000000000000000000	0.00000000000000000000	0.00000000000000000000	0.00000000000000000000	0.00000000000000000000	0.00000000000000000000	0.00000000000000000000	0.00000000000000000000	0.00034466987510845426	-0.00134763880150702195	0.00377136858852623619	-0.00666595294279258548	-0.03202190979371306173	1.73132021872189922895	
0.00000000000000000000	0.00000000000000000000	0.00000000000000000000	0.00000000000000000000	0.00000000000000000000	0.00000000000000000000	0.00000000000000000000	0.00000000000000000000	0.00000000000000000000	0.00000000000000000000	0.00000000000000000000	0.00005390561598695104	-0.00007059882002049236	0.00027114366009564552	-0.00124961090930502988	0.00379595808068265662	-0.00672831132906579095	-0.03204564132403817101	1.73405685778209162073	
0.00000000000000000000	0.00000000000000000000	0.00000000000000000000	0.00000000000000000000	0.00000000000000000000	0.00000000000000000000	0.00000000000000000000	0.00000000000000000000	-0.00058204616021589309	-0.00042211919887971677	0.00156998554751558114	0.00110418217739904076	-0.00149705432069101871	-0.00099851991533192941	0.00066551689343784075	0.00019429866635757570	0.00005437196557952564	0.00101191434343433809	0.46261613535866330515	
0.00000000000000000000	0.00000000000000000000	0.00000000000000000000	0.00000000000000000000	0.00000000000000000000	0.00000000000000000000	0.00000000000000000000	0.00000000000000000000	-0.00045837409786404846	-0.00034449893776796397	0.00121514365734750858	0.00088339089049229130	-0.00113572711272347791	-0.00077779615154017156	0.00049097001571719618	0.00017200416655429145	-0.00007393064120749141	0.00042959936854925006	0.54825080175244034209	
0.00000000000000000000	0.00000000000000000000	0.00000000000000000000	0.00000000000000000000	0.00000000000000000000	0.00000000000000000000	0.00000000000000000000	0.00000000000000000000	0.00000000000000000000	0.00000000000000000000	0.00000000000000000000	0.00000000000000000000	-0.00123571443177178364	0.00168439698984479869	-0.00247386221810220758	0.00662300199606709241	-0.00059369192926163913	-0.04468691163533004829	0.36794118178837870170	
0.00000000000000000000	0.00000000000000000000	0.00000000000000000000	0.00000000000000000000	0.00000000000000000000	0.00000000000000000000	0.00000000000000000000	0.00000000000000000000	-0.00047735732213207587	-0.00027405390616763031	0.00143140461551920142	0.00087250087581314413	-0.00153778654752655076	-0.00099521316066359788	0.00076888738798098816	0.00026781021120790804	0.00012484647669396513	0.00132177767896604799	0.33735683502331315076	
0.00000000000000000000	0.00000000000000000000	0.00000000000000000000	0.00000000000000000000	0.00000000000000000000	0.00000000000000000000	0.00000000000000000000	0.00000000000000000000	0.00000000000000000000	0.00000000000000000000	0.00000000000000000000	0.00000000000000000000	-0.00102895205409754033	0.00146210696853085569	-0.00199640588321695327	0.00633042208316830085	-0.00556154725481991345	-0.05010604603807045782	1.60201790376776020963	
0.00000000000000000000	0.00000000000000000000	0.00000000000000000000	0.00000000000000000000	0.00000000000000000000	0.00000000000000000000	0.00000000000000000000	0.00000000000000000000	0.00000000000000000000	0.00000000000000000000	-0.00018910830102574394	0.00007127771270531538	0.00037185657487330987	-0.00007922452044499268	-0.00038310379102762305	0.00059845833372051396	-0.00142827012436797006	-0.00546674387838565635	0.93133951125573344321	
0.00000000000000000000	0.00000000000000000000	0.00000000000000000000	0.00000000000000000000	0.00000000000000000000	0.00000000000000000000	0.00000000000000000000	0.00000000000000000000	-0.00007960658972095154	0.00014398520684315416	0.00019736800027908243	-0.00030597501539088160	-0.00017081532300070951	0.00023417365413986953	-0.00002279201060758062	0.00023007362798482505	-0.00087809928698793810	-0.00305095775518661114	0.80434540931331188762	
