0.00000000000000000000	0.00000000000000000000	0.00000000000000000000	0.00000000000000000000	0.00000000000000000000	0.00000000000000000000	0.00000000000000000000	0.00000000000000000000	0.00000000000000000000	-0.01381916531313835163	0.00801129678043845453	0.02773202957920406150	0.00375868203989232876	-0.10688213696634565886	0.27160459767133926512	-0.76331222989808178436	1.83838481457335123359	7.62355666403269616183	421.05976993531612606603	
0.00000000000000000000	0.00000000000000000000	0.00000000000000000000	0.00000000000000000000	0.00000000000000000000	0.00000000000000000000	0.00000000000000000000	0.00000000000000000000	0.00000000000000000000	-0.00029896627681080709	0.00386956717142755962	-0.00612382917778998923	0.01356574494050214776	-0.05938721927116572680	0.19382776724603476004	-0.58163219333787896659	1.40481736634534670749	5.78505269896161333776	276.77670243335421673692	
0.00000000000000000000	0.00000000000000000000	0.00000000000000000000	0.00000000000000000000	0.00000000000000000000	0.00000000000000000000	0.00000000000000000000	-0.01116708922979935993	-0.00585700101520524648	0.03474858493050810709	0.02137655347368673867	-0.04319691108054745515	-0.01733504462397723184	-0.00784743209882629404	0.10528121992290516429	-0.28266441229778915822	0.67309742395664862169	2.77519349405740456405	128.16885132296201277313	
0.00000000000000000000	0.00000000000000000000	0.00000000000000000000	0.00000000000000000000	0.00000000000000000000	0.00008604977049937500	0.00281459402860721655	-0.00048944089006838060	-0.01025653603984061531	-0.00038905557104171432	0.01508322692546604053	0.00280318381182313595	-0.00991713490489133306	-0.00689402766875332144	0.01367516473644800161	-0.02828600037940792386	0.07242073942122126406	0.29919336997121959154	13.61348521347606244092	
0.00000000000000000000	0.00000000000000000000	0.00000000000000000000	0.00000000000000000000	0.00000000000000000000	0.00000000000000000000	-0.00175315092532114976	-0.00879548660321817326	0.00719759938872617088	0.02878344417887961776	-0.00712718412354081295	-0.04102611804545795715	0.01546132516420973928	-0.02278392453407490290	0.14270657572465819674	-0.43608450175151491912	1.04354150044609084169	4.29126168603234336985	200.99427811125417520088	
0.00000000000000000000	0.00000000000000000000	0.00000000000000000000	0.00000000000000000000	0.00000000000000000000	0.00535061435209680403	0.00599792441865320061	-0.02288635148295672592	-0.02465591925246888791	0.03706122789239899018	0.04231425870740009032	-0.02853461276424260756	-0.03260725986150485312	-0.00454627877549457216	0.05536756445353125528	-0.12053472307856522017	0.29036040461944201407	1.20296000854828366577	54.97860638152561563174	
0.00000000000000000000	0.00000000000000000000	0.00000000000000000000	0.00000000000000000000	0.00000000000000000000	0.00000000000000000000	0.00000000000000000000	0.00000000000000000000	-0.03448395100719644363	-0.01840149591275402202	0.07094967581486989749	0.03774390863448554706	-0.02328109158476356078	-0.11409264344934236246	0.25890723533842779913	-0.73919792553904095644	1.81889388752225467094	7.47450986102004755196	427.52127214405612676273	
0.00000000000000000000	0.00000000000000000000	0.00000000000000000000	0.00000000000000000000	0.00000000000000000000	0.00000000000000000000	0.00000000000000000000	0.00000000000000000000	0.00000000000000000000	0.00000000000000000000	0.00000000000000000000	0.00000000000000000000	0.00000000000000000000	0.00000000000000000000	0.00000000000000000000	-0.00000000000000010978	0.00000000000000009705	0.00000000000000008951	0.00000000000000001549	
0.00000000000000000000	0.00000000000000000000	0.00000000000000000000	0.00000000000000000000	0.00000000000000000000	0.00000000000000000000	0.00000000000000000000	0.00000000000000000000	0.00000000000000000000	0.00000000000000000000	0.00636379859736460173	-0.00800849221999802054	0.01372166524489393420	-0.07405593853449819741	0.24440910324951475863	-0.72735825297155076719	1.74588518088868172029	7.21162980609195436443	359.90288514202785563612	
0.00000000000000000000	0.00000000000000000000	0.00000000000000000000	0.00000000000000000000	0.00000000000000000000	0.00000000000000000000	0.00000000000000000000	0.00000000000000000000	0.00000000000000000000	0.00000000000000000000	0.01022977120002837789	-0.00692274628837448881	0.00641943275679272840	-0.08093287146756014683	0.26787341189998470359	-0.77789093230371597620	1.85361460180191905955	7.68989395345912551960	415.63030218458374065449	
0.00000000000000000000	0.00000000000000000000	0.00000000000000000000	0.00000000000000000000	0.00000000000000000000	0.00000000000000000000	0.00000000000000000000	0.01664841199432544674	-0.04838557763312714005	-0.05527074673321865500	0.11860434940001571280	0.06026909559985864362	-0.07969783789587366052	-0.11485825433719684674	0.29407695656446225518	-0.76246103743779025663	1.83496734294622898531	7.61494526160204365794	421.50753634602926922526	
0.00000000000000000000	0.00000000000000000000	0.00000000000000000000	0.00000000000000000000	0.00000000000000000000	0.00000000000000000000	0.00000000000000000000	0.00000000000000000000	0.00000000000000000000	0.00000000000000000000	0.01559681407093510205	-0.00580010851215083216	-0.00623800509679638300	-0.08096505478802017153	0.27461211332396423535	-0.77164320572956124344	1.83990050507603708496	7.63292342988247174418	420.62903385115265564309	
0.00000000000000000000	0.00000000000000000000	0.00000000000000000000	0.00000000000000000000	0.00000000000000000000	0.00000000000000000000	0.00000000000000000000	-0.01364521325730327743	-0.00531463722872971278	0.04184510122787156450	0.02007549532216900204	-0.05396871544467284065	-0.00605967365065175189	-0.02950220844553862881	0.18682091490942756562	-0.54005548515039114577	1.29076943346135419866	5.31874090990850945104	252.46363066682471298918	
0.00000000000000000000	0.00000000000000000000	0.00000000000000000000	0.00000000000000000000	0.00000000000000000000	0.00000000000000000000	0.00000000000000000000	0.00000000000000000000	0.00000000000000000000	0.00346559047986388057	0.00673351678460409539	-0.01571939753560074732	0.01047829507442429170	-0.06026299383329466325	0.22262255742441075523	-0.66114431878481516591	1.58704010971899434068	6.54560618666302929114	318.56230490297463120442	
0.00000000000000000000	0.00000000000000000000	0.00000000000000000000	0.00000000000000000000	0.00000000000000000000	0.00000000000000000000	0.00000000000000000000	0.00000000000000000000	-0.03738396736127449355	-0.01856944855979746414	0.07687851077588842008	0.03838354652879033546	-0.02783016643541501647	-0.11128347500038440754	0.24701996479555776709	-0.70600580323535189198	1.78499168177152789383	7.23586481586525209764	434.72290239239924858339	
0.00000000000000000000	0.00000000000000000000	0.00000000000000000000	0.00000000000000000000	0.00310027832939669713	0.00647965563810485104	-0.01286570773634294375	-0.02886439414808596865	0.01770994299236962333	0.05340567588986147585	-0.00382725403329156090	-0.05109148822622804065	-0.01178949267322469512	0.02358121342583122462	0.01561026270007616693	-0.02016998863354557692	0.03251052943135658568	0.14526100677632972080	6.57826515913073084363	
0.00000000000000000000	0.00000000000000000000	0.00000000000000000000	0.00000000000000000000	0.00000000000000000000	0.00000000000000000000	0.00000000000000000000	0.00000000000000000000	-0.03510829585205186426	-0.01533140610085930410	0.07930317900726560620	0.02915607554679416208	-0.03783421545912910716	-0.10751488381230181468	0.27392068311248196633	-0.75723601451581135091	1.83120349206080446081	7.58205168508556859308	423.44497899318895406395	
0.00000000000000000000	0.00000000000000000000	0.00000000000000000000	0.00000000000000000000	0.00000000000000000000	0.00000000000000000000	0.00000000000000000000	0.00000000000000000000	0.00000000000000000000	0.00000000000000000000	0.00771144783294419774	-0.00802559377803558661	0.01239642110936777647	-0.07931776434476946191	0.26183967916954442590	-0.77413330861735274446	1.84934186116767196317	7.65861127339968028593	399.03679479266372709390	
0.00000000000000000000	0.00000000000000000000	0.00000000000000000000	0.00000000000000000000	0.00000000000000000000	0.00000000000000000000	0.00000000000000000000	0.00000000000000000000	0.00000000000000000000	0.00330743696644817406	0.00626518840079971339	-0.01606728790632625317	0.01513213704985549510	-0.07169674945001436317	0.25633342835306710539	-0.76580912521796973280	1.82819519214539094598	7.56322466360520184736	387.80473954498870625685	
