1.73445160271278497888	1.23173160067442855059	1.29578631218598028241	-1.73218817947607583996	-0.54219761302264968261	-1.20865332069174513663	-0.61351939517695774917	1.12208569285761705636	-6.72847606407625775660	14.88682495397635285883	-15.06981831710468711094	-0.22903089848782526294	4.29537261575031159566	-5.26946909289698162127	2.65077896696558523715	19.91083604126970385551	3.64969999900171160334	0.71039522209288719079	3.78338739979261085011	
0.03087613953499859787	-0.35377964320023491673	0.36450377645766779411	0.37196073826869047174	-0.07080699694713643577	-0.21896116996340952987	-0.51866127030092634698	0.05762448854384121660	-0.07713530361264177293	0.01965174027128730946	0.04760729780510727233	-0.18895067386423566869	-0.12202319320717701367	-0.26525791779654533942	0.03571367243166001515	0.10323824898814183693	0.01667447879698807922	-0.40119003184325996436	0.13947692162175584496	
0.27755405202469002335	-0.32870079143104508068	0.10088611750441314752	-0.27658430885244805753	0.08668522014619907401	0.15387913357925078750	0.01285483978657006240	0.28031985772147216540	-0.03963936828928030925	0.15240141565497095089	0.15096577579330774932	0.15529016080941560052	-0.11653146357709787129	-0.37451458277104698880	-0.06538661887760295610	-0.00611544406432428488	-0.05288395973671460720	-0.06098184989119172922	-0.10849845597097854122	
0.25765959554441214552	0.36109812046687639331	0.28804024067505190621	0.11315536614248772329	0.74602536622708282010	0.26362879222408158730	-0.04228731677455960236	-0.14817176044855009942	0.06344998222931950982	0.04709961202484742870	0.20504720634074313779	-0.24756895568747747105	0.41193186052266045349	0.16054653157679332764	0.01300187617438764744	0.22702259675937913608	-0.14575106822855735111	0.06995568563940258999	0.00433899298418998804	
-0.18792602580224676556	-0.34461329894754044734	0.27066580090711483964	-0.21200457630723873459	0.35767938053054398884	-0.07052446160962455579	0.39969891054094752736	0.21054946369406410400	-0.02792405099740479305	-0.15525707094496335459	-0.27310244275950096293	-0.11381934652593538038	-0.08520600172882206169	0.08442170191984499361	0.07101827044986962212	-0.24291212665793429637	0.19369630014489283565	-0.08362726827775562866	-0.10652743405627820850	
-0.26181791819651512032	-0.18720427896722321992	-0.40417086912512240060	-0.38377899800959075494	-0.02121682982432881309	0.52608920608230647087	-0.31395149459693338923	-0.04386306889584672131	0.03904541984188318604	0.09502452463213728606	0.23389294274644112370	-0.05945180346098993818	0.09926230729985419110	-0.35463576611282393580	-0.04978090161402053127	-0.21615013201164379186	0.17789761560344158342	0.02129505670996898609	-0.03257014766198201156	
1.03602122602467194845	0.70961489989422443792	0.79370977327553549063	-0.86946752077904709832	-0.55147922203425614462	0.24040648745893622440	0.77227059932374908513	-1.35407077429104094612	-6.12102671426878242045	-2.43959309874972163357	3.00404501720709182777	2.45126546955918156456	-2.02726893377261063733	0.27858864202316702130	-3.67120676431539916251	2.13271285126302512225	2.46710816066818194869	-0.42936815829564939362	3.83943249359232741114	
0.00000000000000004163	0.04673164772395459188	0.00009527153835937752	-0.79362178488667545206	0.80340718723281767666	-0.73538735889501549714	-0.30542747747587262186	1.50030631566780625619	-0.15686474320574531061	0.69249903771666077024	0.81844220419063684613	0.19835421262969510359	-0.64777770003101076135	-0.15545905802875761847	-0.06068382906167520130	-1.02795815311154470351	0.60284811725697740048	-0.17448891302554922489	0.72297229165647636240	
-0.31948025631516330236	0.47785845386221253994	0.11710358692499721334	-0.38172946020711961967	0.16277866189738082747	-0.18689874609721954246	-0.56859822701704576531	-0.68551964035542578557	-0.30157178253408101209	0.13998757679242510021	-0.22966321380746335112	-0.10831455899222684758	-0.88793202979339991288	-0.23578638397145676442	-0.12181743395534065655	0.48512950940408966494	-0.62508968524523977894	-0.02871701809284706031	-0.24028229419044822013	
0.85575766212862347526	1.28170996433097084122	0.98420535022912225553	-1.67476895073257070479	-1.73188336892131689027	-0.71070737722058685559	0.19031918611056244939	1.63026634415689652968	0.24818977804165742729	0.40425019263083450394	-1.67344767668134131178	2.20227464669377992479	-0.76251831329640118451	1.31014412788487022432	-0.54490040542102280430	0.31304158582107149966	1.96031094808334427348	-0.00828227629623222265	-1.24252677383580700798	
1.43857531645157998845	1.49305223497857442183	1.32565587986918620444	-1.94297850721561493614	-1.21310371154982865605	-0.88043645085492650004	-0.12054265739556255244	0.11109566875146840992	-2.92500147930004716912	12.68980690999138438713	-3.96331478775719725505	-13.21536150778222840074	4.73539551013419757197	-4.13322268456614683174	9.02425742078248482869	-6.18610660624655128714	-0.25688030219575685997	-1.43422916557613833177	14.02823955540597111735	
1.68433407642710664121	0.75470271399138655344	1.02312833382991574815	-1.20573003078297147361	0.25252329162528119877	-1.34065251754483494295	-0.92619036347631411576	0.73231619371974021604	0.75654160754911714548	1.98558393450962089588	-5.88262923750298050152	4.46976574281484939632	1.01296339382467182055	1.01557956556704098716	-0.31001255486889928159	-4.71346518188037677533	-8.06994832331325717689	-14.48413543286742566352	-4.98718996571050166011	
-0.39853742481831661015	-0.13360743953477954848	0.37671584253192169633	0.37006686267205801677	0.05046773115774911417	-0.39063478896766123949	-0.07175032965762399850	-0.27460870939881182329	0.02817687359433045796	0.41232633346297081767	0.54673938492103135722	0.38808647069213120240	0.08772137700185693443	-0.30367664259334892218	-0.11632584444557426961	0.23678997510905733237	-0.24862487696908042167	0.19776041498781954386	-0.04729838981115772056	
0.22240545593932209423	-0.40758210642529113521	-0.29609550424665248558	-0.03722261070965068863	-0.45426657396916603204	-0.27195348616114539686	0.10497361423424397819	-0.44744432798855399147	-0.00559365211681764340	0.19237768487161888142	0.09600780239737205513	-0.33187111272380209748	-0.92376039998960957078	-0.27453387038527754527	-0.00392197680584050693	0.19030653852697440587	-0.29706255453428087598	-0.03049067869826574406	-0.27201913024556578780	
0.02797609676135486001	0.28097606721189777312	0.19155189632451502524	-0.21790849440511256274	0.00218771902754857916	0.08653610008672869836	-0.29388747453970226475	-0.32073590392867279419	2.19990435911827875159	0.22591701619526322053	0.45009354748841473581	0.57912439727544517964	-1.01709911686207687964	0.44167738426959707310	2.29683681940297512725	-0.30047258498046475195	-1.19136165853259390346	-0.79757333074198655254	-0.93653300368219116745	
0.06912965684795563392	0.18738390203732396833	0.09702912050101444863	-0.55055048192344913094	0.83952957739180689156	-0.16969375337273953641	-0.29569119037603935896	0.37809698858616652695	-0.05210739262517089659	0.15453050734422707491	0.17029829680782218593	-0.07856829060877197624	-0.07734403233400850841	0.45242215858011891605	0.08677635617352216779	0.38442611165130291528	-0.10709324353393906426	0.06639669470538686613	-0.20996188630356651950	
-1.37069257980801295638	-0.19133604296523587518	-0.62061807506565447312	0.47760593786950816808	-0.54197351944264415824	0.67595665249297953725	-0.06879089693850257148	0.15501882968264693585	8.36436890812219679958	-4.28669149304242136367	1.14258267924513479130	2.95400462326171631133	0.26405275482931284126	-1.41596776178886774034	1.54012565789623012691	2.99444662986320864206	0.33301084886721615819	-1.23915337461538999086	7.05220177906593370665	
-0.92981824301527393750	-0.67557415889021621425	-0.69546977512170560232	0.97511812492747729220	0.22783961128192353751	0.88244665990409065781	0.49339067062429264876	-0.18775812991887558256	-0.38507570001577701158	0.81300521068561770743	-0.83024397742674571621	0.06468363894870640673	-0.71331131874202136078	-0.41153796914635076831	-0.34178823913588418648	0.47048804666003651853	-0.22867785337451645988	0.82321481676556462759	0.21436687318151401160	
-0.06168899575144765057	-0.58835122343572388015	-0.33073171227724318388	0.65140252546485788443	0.66933279682298796320	0.07151281158381868341	-0.01180409757454953072	0.29980240750005193728	0.24226034277873481626	0.37548765357507241092	-0.32788171029907708931	0.15093326874887952327	-0.41913628210835279786	0.08984863874327017608	-0.24578107291332851325	0.10768114407758766493	-0.11110607712256180546	-0.02348522406587782996	-0.25401085193145023222	
