1.73445160271278520092	1.23173160067442855059	1.29578631218598006036	-1.73218817947607472973	-0.54219761302265134795	-1.20865332069173736507	-0.61351939517700060378	1.12208569285771653234	-6.72847606407650111748	14.88682495398179916890	-15.06981831710186803264	-0.22903089848279734042	4.29537261574709994250	-5.26946909288335163524	2.65077896694333503547	19.91083604131630124812	3.64969999896841779119	0.71039522210268490898	3.78338739945779156670	
0.03087613953499859787	-0.35377964320023486122	0.36450377645766773860	0.37196073826869074930	-0.07080699694713644965	-0.21896116996341527527	-0.51866127030091524475	0.05762448854364565776	-0.07713530361324852369	0.01965174027117535041	0.04760729780704290454	-0.18895067386480493554	-0.12202319320965399063	-0.26525791778776341978	0.03571367242928849550	0.10323824896642304350	0.01667447878081670942	-0.40119003168912226176	0.13947692146766094146	
0.27755405202469007886	-0.32870079143104508068	0.10088611750441311976	-0.27658430885244833508	0.08668522014619874094	0.15387913357925073199	0.01285483978653482844	0.28031985772158007908	-0.03963936828907108773	0.15240141565359563436	0.15096577579472067465	0.15529016081065635801	-0.11653146357541661893	-0.37451458276812255033	-0.06538661887758427660	-0.00611544405495537385	-0.05288395973691528695	-0.06098184998657747019	-0.10849845602331756322	
0.25765959554441225654	0.36109812046687639331	0.28804024067505185069	0.11315536614248739022	0.74602536622708293113	0.26362879222407775703	-0.04228731677459213883	-0.14817176044855040473	0.06344998222946020283	0.04709961202585818268	0.20504720634025599968	-0.24756895568749703873	0.41193186053108737932	0.16054653157336337688	0.01300187617520648722	0.22702259674106584075	-0.14575106820354508108	0.06995568562206057328	0.00433899296438533533	
-0.18792602580224679332	-0.34461329894754039183	0.27066580090711489515	-0.21200457630723890112	0.35767938053054437741	-0.07052446160962307087	0.39969891054096079452	0.21054946369412735896	-0.02792405099852741934	-0.15525707094520732610	-0.27310244276018846854	-0.11381934652543031217	-0.08520600172556649921	0.08442170193559997426	0.07101827046816078237	-0.24291212665785946734	0.19369630014586328159	-0.08362726842973207397	-0.10652743382465974797	
-0.26181791819651517583	-0.18720427896722321992	-0.40417086912512245611	-0.38377899800959058840	-0.02121682982432869166	0.52608920608230558269	-0.31395149459690746552	-0.04386306889595071451	0.03904541984172511110	0.09502452463298055596	0.23389294274657665418	-0.05945180346154707585	0.09926230730167960592	-0.35463576610393715560	-0.04978090161145615894	-0.21615013200337643284	0.17789761561199893269	0.02129505661590471929	-0.03257014756623949348	
1.03602122602467217050	0.70961489989422443792	0.79370977327553549063	-0.86946752077904665423	-0.55147922203425636667	0.24040648745893664073	0.77227059932361796779	-1.35407077429099920174	-6.12102671426809230582	-2.43959309874581098398	3.00404501721213756937	2.45126546955887825163	-2.02726893377549011177	0.27858864204980826607	-3.67120676430848291716	2.13271285125669463056	2.46710816060691007223	-0.42936815827052920991	3.83943249325556212881	
0.00000000000000002776	0.04673164772395463351	0.00009527153835943455	-0.79362178488667545206	0.80340718723281701052	-0.73538735889501760656	-0.30542747747585452522	1.50030631566784955488	-0.15686474320542231897	0.69249903771610377134	0.81844220418660329486	0.19835421262721086855	-0.64777770003065882065	-0.15545905803991971750	-0.06068382906189997289	-1.02795815308789073583	0.60284811724419185008	-0.17448891310055056336	0.72297229171068522202	
-0.31948025631516330236	0.47785845386221253994	0.11710358692499721334	-0.38172946020711945314	0.16277866189738163238	-0.18689874609722229026	-0.56859822701697082525	-0.68551964035583956569	-0.30157178253491778719	0.13998757678977485908	-0.22966321380802806607	-0.10831455899487951733	-0.88793202978730823016	-0.23578638397860632314	-0.12181743395647397221	0.48512950941768939739	-0.62508968520722485440	-0.02871701808023741434	-0.24028229417810906265	
0.85575766212862358628	1.28170996433097106326	0.98420535022912203349	-1.67476895073257181501	-1.73188336892131555800	-0.71070737722058185959	0.19031918611063494695	1.63026634415653459698	0.24818977804049172087	0.40425019263750172627	-1.67344767667018778923	2.20227464669595862645	-0.76251831330051589308	1.31014412790464862546	-0.54490040545454165866	0.31304158584280716848	1.96031094801027738761	-0.00828227612240683975	-1.24252677436946723510	
1.43857531645158043254	1.49305223497857464388	1.32565587986918576036	-1.94297850721561493614	-1.21310371154982732378	-0.88043645085491972768	-0.12054265739557565307	0.11109566875109165573	-2.92500147930119291928	12.68980690999802085628	-3.96331478775538004200	-13.21536150778028684272	4.73539551013095394438	-4.13322268457024755151	9.02425742077044112932	-6.18610660624889607817	-0.25688030226322439153	-1.43422916551947832176	14.02823955471651018456	
1.68433407642710708529	0.75470271399138655344	1.02312833382991508202	-1.20573003078297014135	0.25252329162527920037	-1.34065251754482384072	-0.92619036347641825468	0.73231619371922507256	0.75654160754897514796	1.98558393450998749152	-5.88262923749427724118	4.46976574283516736585	1.01296339383049227578	1.01557956561396278694	-0.31001255484869694179	-4.71346518195316033228	-8.06994832330940958798	-14.48413543272865311451	-4.98718996630678113036	
-0.39853742481831666566	-0.13360743953477957624	0.37671584253192152980	0.37006686267205823881	0.05046773115774900315	-0.39063478896766479220	-0.07175032965757693892	-0.27460870939901910193	0.02817687359457870036	0.41232633346219194070	0.54673938492363938213	0.38808647069608720459	0.08772137700194353183	-0.30367664259500670720	-0.11632584445331439760	0.23678997507039606374	-0.24862487698958363191	0.19776041515734460452	-0.04729839002407019294	
0.22240545593932212198	-0.40758210642529113521	-0.29609550424665243007	-0.03722261070965098007	-0.45426657396916647613	-0.27195348616114239926	0.10497361423417150839	-0.44744432798849992361	-0.00559365211607910483	0.19237768487144391027	0.09600780239867916233	-0.33187111272277763918	-0.92376039998595349534	-0.27453387037475762700	-0.00392197679840484460	0.19030653852579157426	-0.29706255448219276438	-0.03049067872533881354	-0.27201913018083384577	
0.02797609676135486695	0.28097606721189777312	0.19155189632451494197	-0.21790849440511259050	0.00218771902754873963	0.08653610008672751874	-0.29388747453966429513	-0.32073590392876305533	2.19990435911820947368	0.22591701619607265639	0.45009354749017516095	0.57912439727669973166	-1.01709911686714171708	0.44167738426771130378	2.29683681939959472018	-0.30047258496635026459	-1.19136165855667019997	-0.79757333070109825979	-0.93653300367605274435	
0.06912965684795566168	0.18738390203732399608	0.09702912050101446251	-0.55055048192344935298	0.83952957739180622543	-0.16969375337274036908	-0.29569119037607261014	0.37809698858612339478	-0.05210739262504929248	0.15453050734483630979	0.17029829680752631149	-0.07856829060871932391	-0.07734403233148313961	0.45242215858111051174	0.08677635618108145432	0.38442611163373113792	-0.10709324352275761960	0.06639669470206416291	-0.20996188631153817061	
-1.37069257980801340047	-0.19133604296523593069	-0.62061807506565458414	0.47760593786950633621	-0.54197351944264204882	0.67595665249298642063	-0.06879089693840279018	0.15501882968310137789	8.36436890812499989067	-4.28669149304435315173	1.14258267924453815745	2.95400462327005586260	0.26405275483018697535	-1.41596776178515892930	1.54012565789314659348	2.99444662984038334486	0.33301084876129005696	-1.23915337466763242347	7.05220177911570189622	
-0.92981824301527415955	-0.67557415889021610322	-0.69546977512170549129	0.97511812492747662606	0.22783961128192461998	0.88244665990408743816	0.49339067062441077649	-0.18775812991898604976	-0.38507570001624474854	0.81300521068236664135	-0.83024397743242839276	0.06468363894377227030	-0.71331131874801423365	-0.41153796917014234813	-0.34178823917640221985	0.47048804666366950133	-0.22867785334721382751	0.82321481674141894214	0.21436687315411170895	
-0.06168899575144767833	-0.58835122343572376913	-0.33073171227724318388	0.65140252546485755136	0.66933279682298829627	0.07151281158381446457	-0.01180409757463007220	0.29980240750032155495	0.24226034277889443858	0.37548765357381574947	-0.32788171030186546995	0.15093326875280563271	-0.41913628211352055297	0.08984863874258341987	-0.24578107291984696570	0.10768114401357062326	-0.11110607714358616827	-0.02348522411350521463	-0.25401085207199719518	
