-0.26784624411107837982	0.90321388995773921327	0.37526118342543857143	-0.94116539408618760110	-1.75191880958801893264	0.36671814621483739272	0.64242469673326907387	0.79138539406918906316	2.38911106779135407052	6.09197545933148987274	0.42276069576054869925	7.96629012509890710447	1.72353052979438570169	2.76074677931779488560	-7.75203704227581891217	-12.58231227711245381329	-24.34632113845305312338	8.08567618962774403713	6.68286854236569816123	
-0.48643772493926384914	0.40422826977492382072	0.13231123006745842963	0.18694014930557709131	0.34263321594554729810	0.01696396009756689915	0.25658544537292626853	0.35212584374499222850	-0.01718418966998441766	-0.10786352642300742199	-0.01987690869173570560	-0.35926809236098022904	-0.54692912140220417694	0.03174761757446002003	0.05445534083833256100	-0.15080925748927379026	-0.07377991597936910118	0.10874780807090107804	-0.32791737058171455121	
0.26073043522258898541	0.09434202046319081769	-0.50188913035075899405	0.19126593309187064906	0.09268109574797041283	-0.39350775368364171447	0.29628991006463234470	0.01434538788174742098	-0.01604871075955001392	-0.09537502520698468156	-0.22918741176112988889	-0.00966214742632849274	0.18312687857303105998	0.22879161457133972979	0.02871515919883170509	-0.00110591076159465202	-0.02039304126516592805	-0.06463831347806828220	-0.15455105108973746231	
0.21962904531274030084	0.04530585130711891478	0.14848079790688170632	0.76528357912084155057	-0.12388475659222851488	0.34193763690946049616	-0.08516472656800737340	0.22370979579464031484	-0.05371917716455711783	0.38552135198682480066	0.45151822872902946937	-0.17404577377101199120	-0.12575475123442650394	0.74216397571861580928	0.12834228768382044406	0.24095569067371935823	0.07508672676667485502	0.07670461426638930380	0.01433148180081494048	
-0.37682667649785256403	-0.27864582010604604934	0.38981201820748712095	0.02728136420727632350	-0.18233422170337412749	-0.16114541189703623925	0.18026580006148543167	-0.24070709138913776171	0.06555008002223068619	-0.20935570419428875533	-0.22165006593721958694	-0.10914923200745386966	-0.00136358551878523423	0.28239096202915320299	-0.01083888783817425067	-0.20950063501213159189	0.00831665900676877706	0.23072788897656570928	-0.02337737628805612589	
-0.23494650814095369151	0.36010963328695805297	0.07830730753602548055	-0.00067072432565647405	-0.30126619135914761705	0.10496337077456210918	0.09808213983191520213	0.13556476377047060877	-0.05748210800784323005	0.29433403981200978450	0.27847851615613172793	-0.07097376037393214598	-0.05763167842878965524	0.60708945912019041113	0.06160196628896442289	0.01847869115497623518	-0.00788608549190200452	-0.02796656684212022251	0.18280633793513270668	
-0.47200671355034917731	0.48955544042215520806	0.09469312355776385304	-0.38270261335919503187	-0.39477254669723110814	0.07198872007513705540	-0.78971543588199177854	-0.31201439043313961008	9.22540987356878794401	1.83239228524360187045	-0.43361035651457791040	-1.05669428303522905388	-0.60024057422103582748	0.51727188766971654577	1.13232387762344877125	0.12127067863103734024	1.29854827113562509844	1.99297034148649854224	-2.05227864307110818842	
0.33459361539317528100	0.33588694483899328436	0.29749946307609465013	0.37547485999923169153	0.93939461129029178110	1.18936751121695882816	-1.39339886030934989591	-0.17306120798411567252	-0.13911862518631426533	-0.15379062779458821386	-0.54489782875850834021	0.18550730069112955634	0.04726758782163464900	0.94997801313538987600	0.05083740095746827614	0.41790368267071115183	-0.73882680238959075325	-0.22203035512711644106	0.67125970507840682089	
-0.56970129245943934571	-0.30504840150686757250	-0.46279911230359022101	0.22275204214842067585	0.13038250678546717265	-0.60791870284193960661	-0.64054875896585028450	0.46755629207813043102	-0.29371595855870169522	-0.41174834311620817084	-0.34431904095619336736	-0.20524172206936633356	-0.19053446132280185688	0.24738816737868904450	0.21815564282802771268	0.34264122751266401501	-0.09170144985714066832	-0.56492790688976746161	0.16792870698126724505	
-1.23924011003541734155	-0.38281329349058212941	-0.64737219208992236030	0.74725346674255976875	-0.86283973577992201243	1.58499905746083480373	1.57613951671714414005	-0.16664881508937884336	-0.09651506683040055046	0.67347746684113496407	1.93576428315775483924	-0.02557773057392585814	-0.41251172933508650775	0.56984849716719099266	0.40739598812028382513	0.25913050888936678406	-0.67454069846436348623	-5.02450563059624855100	-1.77195138090068438075	
-0.99862391500151193036	0.29423135707410652540	-0.21949705166874575180	-0.11615053246747981952	-1.29290555963816000684	0.77874660308899590344	0.63675718611873000086	-0.02566601785768544627	2.59325666708695257157	-1.73284151363901584020	0.27577201334009515676	-1.82803826915579437085	4.74443030968680279358	-4.96119698331501268740	4.45437845422197220557	4.19091279917920367382	7.51727134615352365898	-2.60329242102174873708	-2.68240543133961217848	
0.48918134493224740833	1.32902138903173638873	0.88121053890973854994	-1.58084530975256276619	-1.86761588595421756942	-0.17254914932824041984	0.38575229114243969608	1.26091248204491734874	1.18658484528493235466	7.77137684201033351883	-3.77994382170126241860	7.13872609107755629054	-5.61206202223081795921	-0.00254279410757842677	2.95700322192241182861	1.59873616352117031703	1.22784246751583103752	4.18178537186106424883	-3.87537575267470035811	
-0.23356772341853535013	0.51441363190953182105	-0.15885632169135177616	0.04195771872139667652	0.01885194687720549017	0.28159023815491412979	0.38753264937804210444	-0.01313479419599559474	-0.06534625583455191955	0.14188676284111950698	-0.12962281536159120376	0.24230580209375060519	0.29870649370869700734	-0.12494604490984820289	-0.00074055063869829551	0.22005675760158338594	0.02506631828081211030	-0.26708951920159229587	-0.04138612743375889164	
0.50075838515142745422	-0.32248274275318816739	0.25771453500927543612	0.32097755030991659275	-0.42640362255960656546	0.48753662276695952649	0.06544320204873939339	0.07788355589161349846	-0.06785440713478117780	-0.17014845993226659915	-0.31084611905801001752	0.09278129147354216566	-0.08057758146764290585	0.43372799464929934210	0.04880176831690995198	-0.08338444641978698391	0.03547683573061134743	0.02095986528660281553	-0.20622356057602433954	
-0.39905752780852060679	-0.01365093767836097517	-0.18071041607314455857	0.04288011770557961094	0.16357143685165556612	-0.34564750418033718393	-0.56324679136144628622	0.40700863023666833396	3.89603026418000419895	2.01326121933764756733	-1.26418991027168226005	-2.37732661340721795895	0.22650727632848038917	0.74684081804771518254	-7.97120683006634589418	0.41427577571170787207	1.29627197819201245288	-1.42363610110702931699	-0.02709919459328575739	
0.32929602006071889697	0.29721759625231258806	0.29443638238009722796	0.62181337413307502526	0.53626854938730028621	0.86655060898503244449	-0.57823394205177247596	-0.23034120806531596659	-0.00411972002202379631	-0.15418988432384855836	-0.25931592145299264818	0.19055076572341858587	-0.19807665584243819290	-0.44821434993014336312	-0.04667659059385916021	-0.30579349965050606208	0.24787336246942520690	0.00661909028137688468	-0.25720365932701055867	
-0.89270028927886302395	-1.37133893009561691478	-1.06498627833671899445	1.64582057812321247425	1.35773875674530231095	0.27322709362615887896	-0.27077290469766168712	0.74806779476436147114	2.53577509541352918987	-3.89757848379203197808	-0.24890776517260163048	5.79407955487167924957	-3.05392105221569476470	0.90957137857363712374	4.51522063113185723182	2.11947122343351512797	0.54656014258928020677	1.18633057750827175525	7.36987227686375767632	
0.09429543923544217443	-0.49145666936882081988	-0.22317184234956347066	0.53955289586895238685	1.06951984364440644271	-0.16096491152286362958	-0.46655831398813230049	-0.39862584423301655745	0.24729090156153932245	0.76173121404036758797	-0.12447657047663769625	0.78357030134948035816	-0.30266800945931510158	0.44234572784847536742	0.16447983485580733309	0.20794754131089454585	0.75817761312522913286	-1.15797298740075738088	-0.39501281361096995948	
0.80377646097409316539	0.40256589228657913004	0.52409206365899252411	-0.56804370269519555148	-0.01604195937108386302	-0.30206472917445287285	0.05495681184587386525	-0.26520337366502122478	0.49704010628851796882	-0.13978578999037150066	0.77778189159984401080	-0.49151135237845650083	-0.85373096643802359740	-0.48202797997767460325	0.22257757726011809241	1.05038361350118281123	-0.87637446923741857407	-1.13760313242146837709	0.28396791214542677073	
